ENERTOTAL S.A. E.S.P.
CORRECCIÓN TARIFAS SIN CONTRIBUCION PARA CLIENTES REGULADOS
Tm 53,84 Rm 18,17
MERCADO CALI Cfmj 9.390 F1 F2 F3 F4 F5 F6 F7 F8 Gm Cm PR Dm CU A B C D Cm (Cot) CU (Cot)
Nivel 3 A 650,32 662,05 666,44 671,69 667,30 421,02 43,21 27,15 98,83 662,22 662,22 43,21 662,22
Nivel 2 A 713,42 725,21 729,61 734,88 730,47 421,02 43,21 29,16 159,98 725,37 725,37 43,21 725,37
A 861,82 874,45 879,17 884,82 880,10 421,02 43,21 65,18 273,21 874,63 874,63 743,43 661,17 528,94 43,21 874,63
B 732,55 743,28 747,29 752,09 748,08 C 651,50 661,04 664,61 668,88 665,31
D 521,20 528,83 531,69 535,10 532,25
A 833,46 846,09 850,81 856,45 851,74 421,02 43,21 65,18 244,85 846,27 846,27 719,33 637,42 509,94 43,21 846,27 B 708,44 719,18 723,19 727,99 723,98
A 847,64 860,27 864,99 870,64 865,92 421,02 43,21 65,18 259,03 860,45 860,45 731,38 649,30 519,44 43,21 860,45 B 720,50 731,23 735,24 740,04 736,03
Todos Horas: 1-4,24 5-9,13- 10-12 19-21 22
MERCADO VALLE Cfmj 16.764 F1 F2 F3 F4 F5 F6 F7 F8 Gm Cm PR Dm CU A B C D Cm (Cot) CU (Cot)
Nivel 4 A 579,19 590,65 594,93 600,06 595,77 425,99 40,00 15,62 37,17 590,77 590,77 40,00 590,77
Nivel 3 A 652,84 664,58 668,97 674,22 669,83 425,99 40,00 27,88 98,83 664,71 664,71 40,00 664,71
Nivel 2 A 718,72 730,57 735,00 740,30 735,87 425,99 40,00 32,73 159,98 730,70 730,70 40,00 730,70
A 876,53 889,44 894,27 900,04 895,22 425,99 40,00 78,38 273,21 889,58 889,58 756,14 664,71 531,76 97,35 946,93
B 745,05 756,03 760,13 765,04 760,94
C 654,95 664,60 668,21 672,52 668,92
A 805,41 818,32 823,15 828,93 824,10 425,99 40,00 78,38 202,09 818,46 818,46 695,69 625,15 500,12 97,35 875,81 B 684,60 695,58 699,68 704,59 700,49
A 840,97 853,88 858,71 864,48 859,66 425,99 40,00 78,38 237,65 854,02 854,02 725,92 644,93 515,94 97,35 911,37 B 714,82 725,80 729,90 734,81 730,71
Todos Horas: 1-4,24 5-9,13- 10-12 19-21 22
MERCADO NARIÑO Cfmj 12.637 F1 F2 F3 F4 F5 F6 F7 F8 Gm Cm PR Dm CU A B C D Cm (Cot) CU (Cot)
Nivel 2 A 743,91 755,66 755,66 755,66 760,05 765,29 765,29 760,91 421,26 76,58 26,10 159,98 755,92 755,92 119,00 798,34
Nivel 1.1 A 908,20 921,17 921,17 921,17 926,01 931,81 931,81 926,97 421,26 76,58 78,40 273,21 921,46 921,46 783,24 679,41 543,53 118,29 963,17 Nivel 1.2 A 850,36 863,32 863,32 863,32 868,17 873,97 873,97 869,12 421,26 76,58 78,40 215,37 863,62 863,62 734,07 650,80 520,64 118,29 905,33
A 879,28 892,25 892,25 892,25 897,09 902,89 902,89 898,05 421,26 76,58 78,40 244,29 892,54 892,54 758,66 665,10 532,08 118,29 934,25
B 747,39 758,41 758,41 758,41 762,52 767,46 767,46 763,34
2 1-4,24 5,23 6-8,13-18 9 10-12 19-20 21 22 1.1, 1.2, 1.3 1-4,24 5,15-16,23 6-8,13- 9 10-12 19-20 21 22
MCDO ANTIOQUIA UNIF Cfmj 8.972 F1 F2 F3 F4 F5 F6 F7 F8 Gm Cm PR Dm CU A B C D Cm (Cot) CU (Cot)
Nivel 3 A 615,18 626,76 626,76 631,09 636,27 636,27 631,94 407,52 36,50 20,87 89,82 626,71 626,71 56,43 646,64
Nivel 2 A 730,89 742,54 742,54 746,90 752,10 752,10 747,75 407,52 36,50 23,66 202,82 742,49 742,49 57,39 763,38
A 891,85 904,87 904,87 909,73 915,55 915,55 910,69 407,52 36,50 80,21 308,58 904,81 904,81 769,09 662,47 529,98 81,89 950,20 B 758,07 769,14 769,14 773,27 778,22 778,22 774,09 A 822,08 835,09 835,09 839,95 845,78 845,78 840,92 407,52 36,50 80,21 238,81 835,04 835,04 709,78 629,66 503,73 81,89 880,43 B 698,77 709,83 709,83 713,96 718,91 718,91 714,78
A 856,97 869,98 869,98 874,84 880,66 880,66 875,80 407,52 36,50 80,21 273,70 869,92 869,92 739,43 646,07 516,85 81,89 915,31 B 728,42 739,48 739,48 743,61 748,56 748,56 744,43
3 1-4,24 5-8,13-17,23 9,18 10-12 19-20 21 22 2, 1.1, 1.2, 1.3 1-4,24 5,23 6-9,13-18 10-12 19-20 21 22
MERCADO BOGOTA Cfmj 10.181 F1 F2 F3 F4 F5 F6 F7 F8 Gm Cm PR Dm CU A B C D Cm (Cot) CU (Cot)
Nivel 3 A 634,63 646,33 650,70 655,93 651,56 386,84 33,02 23,87 130,57 646,30 646,30 57,94 671,22
Nivel 2 A 697,98 709,70 714,08 719,32 714,94 386,84 33,02 24,66 193,15 709,67 709,67 603,22 516,67 413,33 67,36 744,01
A 849,45 862,42 867,27 873,07 868,23 386,84 33,02 74,20 296,33 862,39 862,39 733,03 612,78 490,23 33,02 862,39 C 603,59 612,81 616,25 620,37 616,93
A 797,07 810,04 814,88 820,69 815,84 386,84 33,02 74,20 243,94 810,00 810,00 688,50 588,23 470,59 33,02 810,00 D 463,07 470,61 473,42 476,79 473,98
N 1.2* - 50% A 823,26 836,23 841,08 846,88 842,03 386,84 33,02 74,20 270,13 836,20 836,20 710,77 600,51 480,41 33,02 836,20
Todos Horas: 1-4,24 5-9,13- 10-12 19-21 22
MERCADO CAUCA Cfmj 12.959 F1 F2 F3 F4 F5 F6 F7 F8 Gm Cm PR Dm CU A B C D Cm (Cot) CU (Cot)
Nivel 3 A 682,91 694,58 694,58 698,95 704,17 704,17 699,80 431,43 64,00 28,50 98,83 694,76 694,76 64,00 694,76
Nivel 2 A 749,64 761,45 761,45 765,86 771,14 771,14 766,73 431,43 64,00 34,21 159,98 761,62 761,62 64,00 761,62
Nivel 1.1 A 917,81 930,91 930,91 935,80 941,66 936,77 431,43 64,00 90,46 273,21 931,10 931,10 791,44 704,88 563,91 64,00 931,10
N 1.2-1.3 A 828,14 841,23 841,23 846,12 851,98 847,09 431,43 64,00 90,46 183,54 841,43 841,43 715,21 658,50 526,80 64,00 841,43
3 1-4,24 5-8,23 9,13-18 10-12 19-20 21 22
2 1-4,24 5-7,13,18,238-9,14-17 10-12 19,21 20 22
1.1, 1.2, 1.3 1-4,24 5,14-15-9,13,16-18,2 10-12 19-21 22
MERCADO BOYACA Cfmj 15.218 F1 F2 F3 F4 F5 F6 F7 F8 Gm Cm PR Dm CU A B C D Cm (Cot) CU (Cot)
Nivel 3 A 613,29 624,96 629,33 634,55 630,18 370,48 33,13 19,07 130,57 625,24 625,24 56,58 648,69
Nivel 2 A 679,14 690,91 695,31 700,57 696,17 370,48 33,13 22,44 193,15 691,19 691,19 60,25 718,31
A 837,72 850,98 855,94 861,87 856,92 370,48 33,13 79,37 296,33 851,30 851,30 723,60 48,39 866,56 B 712,07 723,34 727,55 732,59 728,38
A 754,31 767,57 772,52 778,45 773,50 370,48 33,13 79,37 212,91 767,88 767,88 652,70 48,39 783,15 B 641,16 652,43 656,64 661,68 657,48
Todos Horas: 1-4,24 5-9,13- 10-12 19-21 22
MERCADO CARIBE MAR Cfmj 15.731 F1 F2 F3 F4 F5 F6 F7 F8 Gm Cm PR Dm CU A B C D Cm (Cot) CU (Cot)
Nivel 2 A 651,58 663,80 668,37 673,83 669,27 396,49 36,78 29,60 128,88 663,75 663,75 564,19 95,53 722,51
A 831,94 846,91 852,49 859,19 853,61 396,49 36,78 140,84 200,73 846,84 846,84 719,82 657,99 526,39 117,38 927,45 B 707,15 719,87 724,62 730,31 725,57
A 796,57 811,54 817,12 823,83 818,24 396,49 36,78 140,84 165,36 811,48 811,48 689,75 638,07 510,46 117,38 892,08
B 677,09 689,81 694,55 700,25 695,51
C 626,36 638,12 642,51 647,79 643,40
Todos Horas: 1-4,24 5-9,13- 10-12 19-21 22
MERCADO CARIBE SOL Cfmj 15.731 F1 F2 F3 F4 F5 F6 F7 F8 Gm Cm PR Dm CU A B C D Cm (Cot) CU (Cot)
Nivel 2 A 603,14 615,06 619,51 624,84 620,39 396,49 30,42 31,00 85,18 615,09 615,09 30,42 615,09
A 707,35 720,86 725,90 731,95 726,90 396,49 30,42 95,26 126,73 720,90 720,90 43,43 733,92 B 601,25 612,73 617,02 622,16 617,87
A 684,97 698,47 703,52 709,56 704,52 396,49 30,42 95,26 104,34 698,51 698,51 43,43 711,53
B 582,22 593,70 597,99 603,13 598,84
C 538,60 549,22 553,18 557,94 553,97
Todos Horas: 1-4,24 5-9,13- 10-12 19-21 22
MERCADO CALDAS Cfmj 11.882 F1 F2 F3 F4 F5 F6 F7 F8 Gm Cm PR Dm CU A B C D Cm (Cot) CU (Cot)
2 A 704,76 716,60 716,60 721,02 726,31 721,89 378,02 32,51 31,34 202,82 716,70 716,70 32,51 716,70
1,1 A 848,25 861,08 861,08 865,88 871,62 866,82 378,02 32,51 70,07 308,58 861,19 861,19 102,14 930,81
1,2 A 771,21 784,04 784,04 788,83 794,57 789,78 378,02 32,51 70,07 231,54 784,14 784,14 102,14 853,77
A 809,73 822,56 822,56 827,35 833,09 828,30 378,02 32,51 70,07 270,06 822,67 822,67 102,14 892,29 B 688,27 699,18 699,18 703,25 708,13 704,06
Todos Horas: 1-4,24 5 6-9,13-18,- 10-12 19-21 22
MERCADO CARTAGO Cfmj 9.489 F1 F2 F3 F4 F5 F6 F7 F8 Gm Cm PR Dm CU A B C D Cm (Cot) CU (Cot)
Nivel 2 A 719,97 731,83 736,26 741,56 737,13 433,00 34,61 32,19 159,98 731,78 731,78 34,61 731,78
Nivel 1.1 A 893,33 906,60 911,55 917,48 912,53 433,00 34,61 93,72 273,21 906,54 906,54 34,61 906,54
N 1.2-1.3 A 853,57 866,83 871,78 877,72 872,76 433,00 34,61 93,72 233,44 866,78 866,78 34,61 866,78
Todos Horas: 1-4,24 5-9, 13-18, 10-12 19-21 22
MERCADO TOLIMA Cfmj 10.519 F1 F2 F3 F4 F5 F6 F7 F8 Gm Cm PR Dm CU A B C D Cm (Cot) CU (Cot)
Nivel 2 A 766,22 778,32 782,84 788,25 783,73 432,85 34,30 46,06 193,15 778,35 778,35 34,30 778,35
Nivel 1.1 A 926,95 926,95 940,39 945,41 951,43 946,41 432,85 34,30 104,96 296,33 940,43 940,43 134,34 1.040,47
N 1.2-1.3 A 830,55 830,55 843,99 849,01 855,03 850,01 432,85 34,30 104,96 199,93 844,03 844,03 134,34 944,07
2 1-4,24 5-9,13-18,23 10-12 19-21 22 1.1, 1.2, 1.3 1-24 2-4 5-9,13-18,23 10-12 19-21 22
MERCADO PEREIRA Cfmj 13.819 F1 F2 F3 F4 F5 F6 Gm Cm PR Dm CU A B C D Cm (Cot) CU (Cot)
Nivel 2 A 744,73 756,46 760,84 766,08 761,69 417,80 34,74 29,06 202,82 756,42 756,42 34,74 756,42
Todas Nivel 1.1 A 892,71 905,45 910,21 915,91 911,15 417,80 34,74 72,29 308,58 905,41 905,41 34,74 905,41
N 1.2-1.3 A 846,56 859,30 864,06 869,75 865,00 417,80 34,74 72,29 262,43 859,26 859,26 34,74 859,26
Todos Horas: 1-4,245-9, 13-18, 2310-12 19-21 22,00
MERCADO QUINDIO Cfmj 11.991 F1 F2 F3 F4 F5 F6 F7 F8 Gm Cm PR Dm CU A B C D Cm (Cot) CU (Cot)
Nivel 3 A 610,50 622,14 626,49 631,69 627,34 405,99 31,09 23,14 89,82 622,03 622,03 72,11 663,06
Nivel 2 A 730,89 742,71 747,13 752,42 748,00 405,99 31,09 30,71 202,82 742,60 742,60 84,41 795,93
Nivel 1.1 A 878,78 891,65 896,45 902,21 897,40 405,99 31,09 73,87 308,58 891,52 891,52 115,24 975,68
N 1.2-1.3 A 829,76 842,63 847,43 853,19 848,38 405,99 31,09 73,87 259,56 842,50 842,50 115,24 926,66
Todos Horas: 1-4,24 5-9, 13-18, 10-12 19-21 22
MERCADO CETSA Cfmj 11.180 F1 F2 F3 F4 F5 F6 F7 F8 Gm Cm PR Dm CU A B C D Cm (Cot) CU (Cot)
Nivel 3 A 646,43 658,10 662,46 667,68 663,32 412,86 51,44 22,97 98,83 658,11 658,11 119,19 725,86
Nivel 2 A 714,55 726,40 730,82 736,12 731,69 412,86 51,44 30,12 159,98 726,41 726,41 131,57 806,54
Nivel 1.1 A 868,77 881,61 886,41 892,16 887,36 412,86 51,44 72,11 273,21 881,63 881,63 51,44 881,63
N 1.2-1.3 A 814,00 826,85 831,65 837,39 832,59 412,86 51,44 72,11 218,45 826,86 826,86 51,44 826,86
Todos Horas: 1-4,24 5-9, 13-18, 10-12 19-21 22
Tm 53,84 Rm 49,17
MERCADO SANTANDER Cfmj 9.933 F1 F2 F3 F4 F5 F6 F7 F8 Gm Cm PR Dm CU A B C D Cm (Cot) CU (Cot)
Nivel 3 A 593,92 605,60 609,96 615,18 610,82 306,53 87,72 18,91 89,82 605,98 605,98 113,42 600,68
Nivel 2 A 712,66 724,52 728,95 734,25 729,82 306,53 87,72 24,83 202,82 724,90 724,90 111,15 717,33
Nivel 1.1 A 859,84 873,02 877,94 883,84 878,92 306,53 87,72 67,62 308,58 873,46 873,46 127,02 881,75
N 1.2-1.3 A 769,23 782,41 787,33 793,23 788,31 306,53 87,72 67,62 217,97 782,85 782,85 127,02 791,14
Todos Horas: 1-4,24 5-9, 13-18, 10-12 19-21 22
MERCADO HUILA Cfmj 15.632 F1 F2 F3 F4 F5 F6 F7 F8 Gm Cm PR Dm CU A B C D Cm (Cot) CU (Cot)
Nivel 3 A 635,04 646,67 651,02 656,21 651,87 385,70 35,43 23,17 130,57 646,87 646,87 71,74 683,19
Nivel 2 A 704,61 716,42 720,84 726,12 721,70 385,70 35,43 30,35 193,15 716,63 716,63 68,32 749,52
Nivel 1.1 A 854,52 867,55 872,41 878,24 873,38 385,70 35,43 78,32 296,33 867,78 867,78 55,36 887,71
N 1.2-1.3 A 806,53 819,55 824,42 830,25 825,38 385,70 35,43 78,32 248,33 819,78 819,78 55,36 839,71
Todos Horas: 1-4,24 5-9, 13-18, 10-12 19-21 22
MERCADO META Cfmj 12.316 F1 F2 F3 F4 F5 F6 F7 F8 Gm Cm PR Dm CU A B C D Cm (Cot) CU (Cot)
Nivel 3 A 588,66 600,36 604,74 609,97 605,60 392,81 30,75 24,21 80,78 600,56 600,56 57,76 627,56
Nivel 2 A 695,89 707,77 712,21 717,52 713,08 392,81 30,75 31,23 181,17 707,97 707,97 70,15 747,37
Nivel 1.1 A 818,29 831,13 835,93 841,68 836,88 392,81 30,75 69,96 265,83 831,35 831,35 91,94 892,53
N 1.2-1.3 A 785,95 798,80 803,60 809,34 804,55 392,81 30,75 69,96 233,50 799,02 799,02 91,94 860,20
Todos Horas: 1-4,24 5-9, 13-18, 10-12 19-21 22
Tm 53,84 Rm 43,66
MERCADO CENS Cfmj 11.487 F1 F2 F3 F4 F5 F6 F7 F8 Gm Cm PR Dm CU A B C D Cm (Cot) CU (Cot)
Nivel 3 A 592,56 604,34 608,75 614,02 609,61 306,53 88,49 22,26 89,82 604,59 604,59 125,84 641,94
Nivel 2 A 704,98 716,75 721,15 726,41 722,01 306,53 88,49 21,66 202,82 716,99 716,99 120,59 749,09
Nivel 1.1 A 854,26 867,42 872,33 878,22 873,30 306,53 88,49 66,60 308,58 867,70 867,70 139,70 918,91
N 1.2-1.3 A 798,49 811,65 816,56 822,44 817,53 306,53 88,49 66,60 252,81 811,93 811,93 139,70 863,14
Todos Horas: 1-4,24 5-9, 13-18, 10-12 19-21 22
deR N Te iv n e s l i ó d n e T T a ip ri o fa Tarifa Ta s r M ifa o s n p o o m r i a fra s n H j o a r s arias COMPONENTES DEL CU Monomias Sencillas - CREG 119/2007 C C om RE p G o 1 n 01 e n 02 te 8 s 2 0 C 2 O 3 T
sodoT Nivel 1.1
N 1.2-1.3
N 1.2* - 50%
sodoT Nivel 1.1
N 1.2 - 1.3
N 1.2* - 50%
sodoT
N 1.2*-1.3* -
50%
Horas:
sodoT Nivel 1.1 N 1.2 - 1.3
N 1.2* - 50%
sadoT
Horas:
Nivel 1.1
N 1.2-1.3
sadoT Nivel 1.1
N 1.2 - 1.3
raeeA
Horas:
sodoT Nivel 1.1
N 1.2-1.3
sadoT
dsoaT
Nivel 1.1
N 1.2-1.3
sadoT
N 1.2*-50%
dsoaT
dsoaT
Horas:
dsoaT
Componentes COT Tarifas por franjas CREG 101 028 2023 deR
dsoaT
dsoaT
dsoaT
N Te iv n e s l i ó d n e T T a ip ri o fa Tarifas Monomias Horarias - CREG 119/2007 COMPONENTES DEL CU-CREG 119/2007 Monomias Sencillas - CREG 119/2007
Tarifas por franjas Monomias Sencillas - CREG 119/2007 C C om RE p G o 1 n 01 e n 02 te 8 s 2 0 C 2 O 3 T
dsoaT
NOTAS:1-LastarifasseaplicanapartirdeconsumosdeJULIO-2025.2-Tarifaspublicadassincontribución,clientesI,C,Resest.5y6,pagancontribucióndesolidaridad(20%delatarifapublicada).3-TarifaMonomiaSencillaaplicasóloaclientesasociadosque
pertenecenaunafronteracomercial.4-*ConsumodesubsistenciaCS=173Kwh/mes(municipios<1000m.s.n.m.),130Kwh/mes(municipios>=1000m.s.n.m.).5-ComponentesdelcostodeprestacióndelserviciocalculadossegunRes.CREG119/2007.DETALLETIPOSDE
TARIFAS:TipoA.CU-ParaI,C,O,E,Estratos4,5y6,Estratos1,2y3(Cons>CS*)TipoB.ParaEstrato3(Cons<CS*)TipoC.ParaEstrato2(Cons<CS*)TipoD.ParaEstrato1(Cons<CS*).DETALLENIVELESDETENSION:Nivel1.1.-ConexiónNivel2activosdelORountercero,Nivel
1.2.- Conexión Nivel 2 activos del cliente, Nivel 1.3.- Conexión Nivel 3 activos del cliente, Nivel 1.2.* - 50% - Conexión Nivel 2 activos compartidos del cliente, Nivel 1.3.* - 50% - Conexión Nivel 3 activos compartidos del cliente.
deR Nivel de Tipo Tarifas Monomias Horarias - CREG 119/2007 COMPONENTES DEL CU-CREG 119/2007 Tensión Tarifa

