PUBLICACIÓN DE TARIFAS DE ENERGÍA ELÉCTRICA EN $/kWh PARA EL MERCADO REGULADO
CORRESPONDIENTES A LOS CONSUMOS DEL MES DE JULIO 2025
QI ENERGY S.A.S. E.S.P.
NIT: 900.677.732-3 Tm 53,8357 Rm,i 18,8547 Cuf mj 0,0000
Mercado NT G m,i,j D n,m Cv m,i,j PRn,m,i,j UC n Co its Uat ro io Franja 1Horaria Franja 2Horaria Franja 3Horaria Co Cm +C e ro Ccs Oit ao Tl i nd z ,e a j, c mión CC Uos +t o C U On Ti nta ,jr ,mio COT n,j,m Re Es si td rae tn oc 2ial Re Ecs soi tnd r ae C tn O oc T 2ia l Residenci 3al Estrato Reside En sc tri aa tl oc o 3n COT
1 PC 359,852 243,941 32,860 69,781 779,123 783,980 779,135 771,967 662,255
BOGOTÁ y 1 POR 359,852 296,326 32,860 69,781 831,509 836,365 831,521 824,353 706,782
CUNDINAMARCA 1 COM 359,852 270,133 32,860 69,781 805,316 810,173 805,328 798,160
Cfmj 10180,5 2 359,852 193,147 32,860 23,304 681,853 686,244 681,864 675,382 67,200 716,193 34,340
3 359,852 130,569 32,860 22,560 618,531 622,915 618,542 612,071 57,780 643,451 24,920
CALI, YUMBO Y 1 PC 357,889 244,850 32,827 56,925 765,181 769,910 765,193 758,213
PUERTO TEJADA 1 P 2OR 3 35 57 7, ,8 88 89 9 2 17 53 9, ,2 91 81 0 3 32 2, ,8 82 27 7 5 26 5, ,9 72 15 8 7 69 43 9, ,5 14 02 4 7 69 58 3, ,2 57 11 8 7 69 43 9, ,5 15 14 5 7 68 46 2, ,5 57 95 8 674,511
Cfmj 9390,1 3 357,889 98,831 32,827 23,980 586,218 590,615 586,229 579,738
ATLÁNTICO, GUAJIRA Y 1 PC 353,282 104,344 46,229 86,132 662,678 667,734 662,690 655,228 59,247 675,695 13,018
MAGDALENA 1 P 2OR 3 35 53 3, ,2 28 82 2 1 82 56 ,, 17 83 40 4 46 6, ,2 22 29 9 8 26 8, ,1 03 82 4 6 58 85 5, ,0 46 64 9 6 59 80 9, ,1 92 30 5 6 58 85 5, ,0 47 87 1 6 57 77 8, ,6 81 85 9 59,247 698,082 13,018 685,064 698,082 582,305 593,370
Cfmj 15730,5 3 353,282 63,901 46,229 23,969 560,072 564,496 560,083 553,553
CESAR, SUCRE, 1 PC 353,282 165,362 52,317 125,998 769,649 775,247 769,663 761,402 132,923 850,256 80,606
CORDOBA Y BOLIVAR 1 P 2OR 3 35 53 3, ,2 28 82 2 2 10 20 8, ,7 83 70 7 5 52 2, ,3 31 17 7 1 22 55 ,, 59 19 58 8 60 35 2, ,0 61 87 2 8 61 30 7, ,6 21 65 0 8 60 35 2, ,0 63 92 4 7 69 26 5, ,7 97 30 7 1 13 12 1, ,9 02 73 2 8 68 95 1, ,6 42 34 8 8 50 8, ,6 70 56 5
Cfmj 15730,5 3 353,282 97,500 52,317 13,727 589,517 593,974 589,528 582,948
1 PC 341,836 231,538 28,028 64,632 738,724 743,529 738,737 731,644 97,655 808,351 69,626
CALDAS 1 POR 341,836 308,582 28,028 64,632 815,768 820,573 815,781 808,688 97,655 885,395 69,626
Cfmj 11881,7 1 C 2OM 3 34 41 1, ,8 83 36 6 2 27 00 2, ,0 86 10 5 2 28 8, ,0 02 28 8 6 24 9, ,6 13 72 6 7 67 77 4, ,2 54 46 6 7 68 72 8, ,0 95 81 0 7 67 77 4, ,2 55 59 7 7 67 60 8, ,1 06 16 3 9 27 8, ,6 05 25 8 8 64 76 4, ,8 57 43 6 6 09 ,, 06 02 06
3 341,836 89,815 28,028 21,523 553,893 558,246 553,904 547,478
1 PC 349,252 202,092 31,443 66,362 721,839 726,675 721,851 714,714 88,793 779,189 57,350
VALLE DEL CAUCA 1 POR 349,252 273,211 31,443 66,362 792,958 797,794 792,970 785,832 88,793 850,308 57,350 702,772 702,772
Cfmj 16764,2 2 349,252 159,980 31,443 28,050 641,415 645,857 641,426 634,869 31,443 641,415 0,000
3 349,252 98,831 31,443 23,985 576,202 580,602 576,213 569,718
1 PC 358,994 218,446 27,466 63,987 741,583 746,393 741,595 734,496
TULUÁ 1 POR 358,994 273,211 27,466 63,987 796,348 801,158 796,360 789,261
Cfmj 11180,4 2 358,994 159,980 27,466 26,876 646,006 650,443 646,017 639,467 107,596 726,136 80,130
3 358,994 98,831 27,466 20,559 578,540 582,914 578,551 572,095 95,216 646,290 67,750
1 PC 344,291 199,925 31,308 86,868 735,083 740,115 735,096 727,668 131,348 835,123 100,040
TOLIMA 1 POR 344,291 296,326 31,308 86,868 831,484 836,516 831,496 824,069 131,348 931,524 100,040
Cfmj 10519 2 344,291 193,147 31,308 38,742 680,179 684,711 680,191 673,502
3 344,291 130,569 31,308 28,785 607,644 612,072 607,655 601,119
1 PC 357,286 238,809 29,952 71,858 770,596 775,468 770,608 763,416 75,342 815,986 45,390
ANTIOQUIA 1 POR 357,286 308,582 29,952 71,858 840,368 845,241 840,381 833,189 75,342 885,758 45,390
Cfmj 8972,1 1 C 2OM 3 35 57 7, ,2 28 86 6 2 27 03 2, ,6 89 15 5 2 29 9, ,9 95 52 2 7 21 1, ,8 55 08 4 8 60 85 4, ,4 28 42 8 8 61 80 8, ,3 65 15 3 8 60 85 4, ,4 29 54 9 7 69 78 7, ,3 80 12 5 7 55 0, ,3 84 42 2 8 75 00 5, ,8 17 32 8 4 25 0, ,3 89 90 0
3 357,286 89,815 29,952 19,028 568,772 573,112 568,783 562,376 49,882 588,702 19,930
1 PC 355,607 259,562 29,009 66,159 783,027 787,846 783,039 775,927 113,162 867,180 84,153
QUINDIO 1 POR 355,607 308,582 29,009 66,159 832,047 836,866 832,059 824,947 113,162 916,200 84,153
Cfmj 11991,1 2 355,607 202,815 29,009 27,762 687,883 692,313 687,894 681,355 82,336 741,210 53,327
3 355,607 89,815 29,009 21,025 568,147 572,509 568,158 561,719 70,036 609,174 41,027
1 PC 345,619 248,331 34,561 71,599 772,801 777,678 772,813 765,615 54,495 792,735 19,934
HUILA 1 POR 345,619 296,326 34,561 71,599 820,796 825,673 820,808 813,610 54,495 840,730 19,934
Cfmj 15632,4 2 345,619 193,147 34,561 28,038 674,056 678,481 674,067 667,535 67,450 706,945 32,889
3 345,619 130,569 34,561 21,518 604,958 609,315 604,968 598,537 70,876 641,272 36,315
1 PC 339,268 186,798 31,952 74,535 705,243 710,147 705,256 698,019
CAUCA 1 POR 339,268 273,211 31,952 74,535 791,657 796,560 791,669 784,432 643,213
Cfmj 12959,1 2 339,268 159,980 31,952 29,023 632,913 637,337 632,924 626,395
3 339,268 98,831 31,952 24,397 567,139 571,514 567,150 560,692
1 PC 353,122 217,970 32,845 75,842 752,469 757,404 752,481 745,197 72,145 791,769 39,300
SANTANDER 1 POR 353,122 308,582 32,845 75,842 843,080 848,015 843,093 835,809 72,145 882,380 39,300
Cfmj 9932,8 2 353,122 202,815 32,845 27,524 688,996 693,440 689,007 682,449 56,275 712,426 23,430
3 353,122 89,815 32,845 20,837 569,309 573,685 569,320 562,862 58,545 595,009 25,700
1 PC 361,979 233,443 30,042 80,353 778,508 783,473 778,520 771,192
CARTAGO 1 POR 361,979 273,211 30,042 80,353 818,275 823,240 818,288 810,959
Cfmj 9488,8 2 361,979 159,980 30,042 27,846 652,537 656,979 652,548 645,991
3 361,979 98,831 30,042 23,140 586,683 591,079 586,694 580,207
1 PC 361,424 262,430 31,992 64,322 792,858 797,629 792,870 785,828
PEREIRA 1 POR 361,424 308,582 31,992 64,322 839,010 843,781 839,022 831,980
Cfmj 13818,6 2 361,424 202,815 31,992 26,296 695,217 699,609 695,229 688,746
3 361,424 89,815 31,992 22,910 578,831 583,189 578,842 572,410
1 PC 349,118 233,496 28,472 63,353 747,130 751,940 747,142 740,042 89,654 808,311 61,182
META 1 POR 349,118 265,829 28,472 63,353 779,463 784,273 779,475 772,375 89,654 840,644 61,182
Cfmj 12315,9 2 349,118 181,172 28,472 28,442 659,895 664,346 659,906 653,336 67,873 699,296 39,401
3 349,118 80,784 28,472 22,116 553,180 557,566 553,191 546,717 55,476 580,184 27,004
1 PC 334,529 212,910 30,857 72,573 723,559 728,523 723,572 716,245 46,123 738,825 15,266
BOYACA 1 POR 334,529 296,326 30,857 72,573 806,976 811,940 806,988 799,662 46,123 822,242 15,266
Cfmj 15217,8 2 334,529 193,147 30,857 20,503 651,726 656,135 651,737 645,230 57,978 678,848 27,122
3 334,529 130,569 30,857 17,421 586,066 590,442 586,077 579,618 54,308 609,517 23,451
1 PC 322,903 215,368 33,994 62,570 707,525 712,380 707,537 700,371 75,704 749,235 41,710
NARIÑO 1 POR 322,903 273,211 33,994 62,570 765,368 770,223 765,381 758,214 75,704 807,079 41,710
Cfmj 12636,7 1 C 2OM 3 32 22 2, ,9 90 03 3 2 14 54 9, ,2 99 80 0 3 33 3, ,9 99 94 4 6 22 1, ,5 17 40 5 7 63 16 0, ,4 74 17 2 7 64 11 5, ,3 10 12 1 7 63 16 0, ,4 75 29 3 7 62 09 4, ,2 29 23 9 7 75 6, ,7 40 14 3 7 67 58 3, ,1 15 37 1 4 41 2, ,7 41 10 9
3 322,903 98,831 33,994 14,778 543,197 547,526 543,208 536,818 58,164 567,368 24,171
1 PC 335,191 208,800 26,411 76,574 719,667 724,672 719,680 712,292 55,351 748,607 28,940
CAQUETÁ 1 POR 335,191 265,829 26,411 76,574 776,695 781,700 776,708 769,321 55,351 805,635 28,940
Cfmj 18994,7 2 335,191 181,172 26,411 24,606 640,071 644,523 640,082 633,511 54,051 667,711 27,640
3 335,191 80,784 26,411 18,943 534,019 538,410 534,030 527,548 56,321 563,929 29,910
1 PC 334,529 183,443 26,996 80,226 697,884 702,762 697,897 690,697 48,492 719,379 21,495
CASANARE 1 POR 334,529 265,829 26,996 80,226 780,270 785,148 780,282 773,082 48,492 801,765 21,495
Cfmj 11304,2 2 334,529 181,172 26,996 33,669 649,057 653,438 649,068 642,601
3 334,529 80,784 26,996 29,111 544,110 548,443 544,121 537,726
1 PC 348,461 252,810 28,154 73,892 776,007 780,932 776,019 768,750 79,362 827,215 51,208
NORTE DE SANTANDER 1 POR 348,461 308,582 28,154 73,892 831,779 836,704 831,791 824,521 79,362 882,987 51,208
Cfmj 11486,5 2 348,461 202,815 28,154 23,731 675,851 680,260 675,862 669,354 60,251 707,948 32,097
3 348,461 89,815 28,154 24,396 563,516 567,932 563,528 557,010 65,502 600,865 37,348
1 PC 363,732 246,097 27,725 59,420 769,665 774,457 769,677 762,604
RUITOQUE 1 POR 363,732 308,582 27,725 59,420 832,149 836,941 832,161 825,088
Cfmj 60610,8 2 363,732 202,815 27,725 13,193 680,156 684,490 680,167 673,771
3 363,732 89,815 27,725 5,183 559,146 563,400 559,157 552,878
1 PC 342,139 244,638 27,256 51,786 738,509 743,253 738,521 731,520
ARAUCA 1 POR 342,139 296,326 27,256 51,786 790,197 794,941 790,209 783,208
Cfmj 25877,3 1 C 2OM 3 34 42 2, ,1 13 39 9 2 17 90 3, ,4 18 42 7 2 27 7, ,2 25 56 6 5 11 8, ,7 08 66 1 7 66 54 3, ,3 25 93 3 7 66 59 7, ,0 69 87 3 7 66 54 3, ,3 36 05 4 7 65 47 6, ,3 86 24 4
3 342,139 130,569 27,256 10,639 583,293 587,605 583,304 576,939
Mercado NT G m,i,j D n,m Cv m,i,j PRn,m,i,j Tm Rm,i Costo Unitario CU Franja Horaria 1 Franja Horaria 2 Franja Horaria 3
1 PC 306,606 184,941 111,749 70,126 53,836 43,915 771,173 776,171 771,186 763,808
CP fU mT jU 9M 1A 4Y 4O ,9 11 CP 2OO MR 3 3 30 0 06 6 6, , ,6 6 60 0 06 6 6 2 2 16 2 85 5 1, , ,8 3 12 8 79 5 2 1 1 11 1 11 1 1, , ,7 7 74 4 49 9 9 7 7 20 0 5, , ,1 1 82 2 26 6 0 5 5 53 3 3, , ,8 8 83 3 36 6 6 4 4 43 3 3, , ,9 9 91 1 15 5 5 8 8 75 1 22 1 3, , ,0 6 06 1 91 7 8 8 8 75 1 27 6 7, , ,0 6 55 1 89 5 8 8 8 75 1 22 1 3, , ,0 6 17 2 03 9 9 8 8 74 0 14 4 6, , ,6 2 49 5 86 2 3
3 306,606 80,784 111,749 14,367 53,836 43,915 611,256 615,614 611,267 604,836
1 PC 306,606 207,136 135,991 44,950 53,836 85,338 833,857 776,171 771,186 763,808
BA CJO fm P j U 16TU 17M 4A ,3YO 11 CP 2OO MR 3 3 30 0 06 6 6, , ,6 6 60 0 06 6 6 2 2 16 3 85 6 1, , ,8 4 12 8 79 2 2 1 1 13 3 35 5 5, , ,9 9 99 9 91 1 1 4 4 14 4 7, , ,9 9 45 5 80 0 3 5 5 53 3 3, , ,8 8 83 3 36 6 6 8 8 85 5 5, , ,3 3 33 3 38 8 8 8 8 79 6 82 3 0, , ,5 2 45 0 20 3 6 8 8 75 1 27 6 7, , ,0 6 55 1 89 5 8 8 8 75 1 22 1 3, , ,0 6 17 2 03 9 9 8 8 74 0 14 4 6, , ,6 2 49 5 86 2 3
3 306,606 80,784 135,991 14,857 53,836 85,338 677,411 615,614 611,267 604,836
Franjas Horarias con COT
Mercado NT HF or ra an rij aa 1 Franja 2Horaria Franja Horaria 3 Mercado NT Franja 1Horaria Franja 2Horaria Franja Horaria 3 Mercado NT HF or ra an rij aa 1 Franja Horaria 2 Franja Horaria 3
1 PC 820,858 815,998 808,806 1 PC 796,704 791,781 784,497 1 PC 813,156 808,363 801,271
ANTIOQUIA 11 CP OO MR 8 89 50 5, ,6 73 41 5 8 88 55 0, ,7 87 81 4 8 87 48 3, ,5 67 99 2 SANTANDER 1 P 2OR 8 78 17 6, ,3 81 75 0 8 78 12 2, ,3 49 33 7 8 77 05 5, ,1 80 79 9 CALDAS 11 CP OO MR 8 89 50 1, ,2 60 70 8 8 88 45 6, ,4 80 87 5 8 87 38 9, ,3 71 95 3
2 709,503 705,149 698,705 3 599,385 595,020 588,562 2 678,980 674,557 668,013
3 593,042 588,713 582,306BOGOTÁ y CUNDINAMARCA 2 720,584 716,204 709,722 1 PC 813,121 808,323 801,224
11 P P OC R 7 85 14 1, ,0 99 31 4 7 84 09 7, ,2 04 98 1 7 74 92 9, ,0 98 22 5 ATLÁNTICO, GUAJIRA Y 1 3 PC 6 64 87 0, ,8 73 55 1 6 64 73 5, ,4 76 02 8 6 63 66 8, ,9 29 41 5 META 1 P 2OR 8 74 05 3, ,4 75 44 7 8 64 90 9, ,6 35 06 7 8 63 93 2, ,5 75 37 7
NARIÑO 1 COM 783,012 778,169 771,003 MAGDALENA 1 POR 703,138 698,095 690,632 3 584,570 580,195 573,721
1 2 3 PC 6 5 85 7 77 1 1, , ,5 6 93 9 91 7 8 6 5 85 6 63 7 7, , ,1 3 14 7 92 8 2 6 5 84 6 66 0 0, , ,6 9 04 8 88 8 0CESAR, SU BC OR LE IV, AC RORDOBA Y 11 P 2P OC R 8 8 65 9 95 1 6, , ,8 2 05 2 13 1 5 8 8 65 8 90 5 1, , ,2 6 47 3 40 8 9 8 8 64 7 82 7 4, , ,0 3 60 7 98 6 2 NORTE DE SANTANDER 11 P 2P OC R 8 8 73 8 12 7 2, , ,1 9 34 1 51 3 7 8 8 72 8 07 3 7, , ,2 0 92 0 58 0 9 8 8 71 7 09 5 1, , ,9 7 45 3 58 0 1
QUINDIO 1 P 2OR 9 72 41 5, ,0 61 49 0 9 71 46 1, ,2 21 22 1 9 70 39 4, ,1 60 80 2 TOLIMA 11 P P OC R 8 94 30 6, ,1 55 55 6 8 93 35 1, ,1 53 36 6 8 92 27 4, ,7 10 08 9 1 3 PC 6 70 55 3, ,2 68 11 2 6 70 40 8, ,8 67 26 0 5 79 44 1, ,3 25 38 2
1 3 PC 6 71 93 7, ,5 63 16 1 6 70 99 2, ,1 78 45 7 6 70 82 5, ,7 54 46 9 CASANARE 11 P P OC R 7 82 04 6, ,2 65 47 3 7 81 09 1, ,3 79 72 7 7 71 92 4, ,1 59 72 8 CAQUETÁ 1 P 2OR 8 61 70 2, ,6 14 60 3 8 60 65 7, ,6 74 28 2 7 69 68 1, ,2 16 51 1
HUILA 1 P 2OR 8 74 15 1, ,6 30 77 0 8 74 00 6, ,7 94 52 6 8 73 03 0, ,5 44 24 4 VALLE DEL CAUCA 11 P P OC R 7 88 54 5, ,0 12 45 4 7 87 59 0, ,2 30 21 0 7 87 42 3, ,0 16 84 2 3 568,320 563,940 557,458
TULUÁ 11 P 3 2P OC R 6 7 8 74 4 0 35 6 1 0, , , ,6 3 1 53 9 5 70 3 8 3 6 7 7 74 4 9 21 1 6 6, , , ,2 5 3 18 9 6 43 5 0 7 6 7 7 73 3 8 14 4 9 9, , , ,8 4 2 55 9 6 91 6 1 7 BOYACA 11 P 2 2P OC R 6 7 8 64 4 2 85 3 7 3, , , ,8 7 2 25 8 0 57 9 6 7 6 7 8 64 3 2 71 8 2 8, , , ,4 8 2 82 3 5 56 8 4 9 6 7 8 63 3 1 74 1 4 2, , , ,8 5 9 36 1 2 59 1 8 102 C 8 O dT e ln 2,j 0,m 23 = l oC so cs uto as le a ss so ec ri áa nd o as p la ic la a dre oc rs eu a sp ole o lr usa c uc iói só u nn a m d rie eo nss c a q il oud neo as le d d s ae .a o pp lic qi uó en c t oar ni ff oar ri ma ere as lo ol u ec si tó an b lC eR ciE dG o 1 e0 n1 la
3 650,664 646,301 639,845 3 613,893 609,528 603,069
Tarifas de energía eléctrica en cumplimiento con las Resoluciones CREG 119/2007, 097/2008, 011/2019, 156/2009, 180/2014, 191/2014, 015/2018,012/2020, 101 027/2022, 101 031/2022, 101 028/2023
1 PC: Nivel de Tensión 1 Propiedad Cliente CS 173 Kwh mes para municipios de una altura inferior a 1000 metros sobre el nivel del mar.
1 POR: Nivel de Tensión 1 Propiedad Operador de Red CS 130 Kwh mes para municipios de una altura igual o superior a 1000 metros sobre el nivel del mar.
1 COM Nivel de Tensión 1 Propiedad Compartida Operador de Red - Usuario
Franja Horaria 1: Tarifa monomia para las horas comprendidas entre las 9:00 y las 12:00 y entre las 18:00 y las 21:00. Las Tarifas Residenciales de estratos 2 y 3 son aplicadas hasta el consumo de subsistencia (CS), para consumos mayores se aplica el
Franja Horaria 2: Tarifa monomia para las horas comprendidas entre las 4:00 y las 9:00, las 12:00 y las 18:00, y las 21:00 y las 23:00. Costo Unitario (CU)
Franja Horaria 3: Tarifa monomia para las horas comprendidas entre las 00:00 y las 4:00, y las 23:00 y las 24:00.
Las tarifas no contienen Contribución Las Tarifas industriales y comerciales, Residenciales de estratos 5 y 6, se les incrementa el 20% de contribucion al Costo Unitario (CU)

