CORRECCIÓN PUBLICACIÓN DE TARIFAS DE ENERGÍA ELÉCTRICA EN $/kWh PARA EL MERCADO REGULADO CORRESPONDIENTES A LOS CONSUMOS DEL MES DE JUNIO 2025
QI ENERGY S.A.S. E.S.P.
NIT: 900.677.732-3 Tm 54,6881 Rm,i 71,1722 Cuf mj 0,0000
Costo Unitario CU Franja Horaria 2 Franja Horaria 3 Costo de Comercialización C + Costo Unitario CU + Residencial Residencial con Residencial Estrato 3 Residencial con COT
COTn,j,m COTn,j,m Estrato 2 COT Estrato 2 Estrato 3
Mercado NT G m,i,j D n,m Cv m,i,j PRn,m,i,j Franja Horaria 1 COT n,j,m
BOGOTÁ y CUNDINAMARCA Cfmj 1 PC 362,7417 247,1465 32,1720 70,3527 838,2732 843,3842 838,2716 830,7328 712,5322
10169,7 1 POR 362,7417 299,8483 32,1720 70,3527 890,9750 896,0860 890,9734 883,4346 757,3288
1 COM 362,7417 273,4974 32,1720 70,3527 864,6241 869,7351 864,6225 857,0837
2 362,7417 187,5697 32,1720 23,4770 731,8207 736,4420 731,8192 725,0026 68,2620 767,9107 36,0900
3 362,7417 126,9278 32,1720 22,7406 670,4424 675,0560 670,4410 663,6357 62,9020 701,1724 30,7300
CALI, YUMBO Y PUERTO TEJADA 1 PC 360,6885 237,5984 32,2024 57,3945 813,7441 818,7208 813,7425 806,4017
Cfmj 9380,1 1 POR 360,6885 266,0141 32,2024 57,3945 842,1598 847,1365 842,1582 834,8174 715,8358
2 360,6885 154,2833 32,2024 25,9233 698,9578 703,6040 698,9563 692,1029
3 360,6885 95,1502 32,2024 24,1749 638,0763 642,7041 638,0748 631,2485
ATLÁNTICO, GUAJIRA Y MAGDALENA 1 PC 355,8704 92,3682 46,5935 86,6583 707,3507 712,6700 707,3490 699,5027 59,9285 720,6857 13,3350
Cfmj 15713,8 1 POR 355,8704 115,0226 46,5935 86,6583 730,0051 735,3244 730,0034 722,1571 59,9285 743,3401 13,3350 730,0051 743,3401 620,5043 631,8391
2 355,8704 74,5235 46,5935 28,1643 631,0120 635,7106 631,0105 624,0799
3 355,8704 53,1668 46,5935 24,0216 605,5126 610,1672 605,5112 598,6455
CESAR, SUCRE, CORDOBA Y BOLIVAR 1 PC 355,8704 152,1304 52,8576 126,9789 813,6976 819,5863 813,6958 805,0098 135,5440 896,3840 82,6864
Cfmj 15713,8 1 POR 355,8704 187,6766 52,8576 126,9789 849,2438 855,1325 849,2420 840,5560 135,5440 931,9302 82,6864
2 355,8704 118,0373 52,8576 25,7306 678,3562 683,1724 678,3547 671,2506 111,7834 737,2820 58,9258
3 355,8704 86,8195 52,8576 13,8554 635,2632 639,9532 635,2617 628,3438
CALDAS 1 PC 343,8982 233,4879 27,6540 65,0974 795,9978 801,0548 795,9962 788,5370 99,0356 867,3794 71,3816
Cfmj 11869 1 POR 343,8982 310,9990 27,6540 65,0974 873,5089 878,5659 873,5073 866,0481 99,0356 944,8905 71,3816
1 COM 343,8982 272,2434 27,6540 65,0974 834,7533 839,8103 834,7517 827,2925 99,0356 906,1349 71,3816
2 343,8982 198,8052 27,6540 29,3948 725,6125 730,2788 725,6111 718,7281
3 343,8982 88,6491 27,6540 21,6884 607,7500 612,3319 607,7486 600,9901
VALLE DEL CAUCA Cfmj 16746,3 1 PC 351,6550 194,5138 30,5765 66,8778 769,4834 774,5728 769,4818 761,9748 86,5165 825,4234 55,9400
1 POR 351,6550 266,0141 30,5765 66,8778 840,9837 846,0731 840,9821 833,4751 86,5165 896,9237 55,9400 702,0239 702,0239
2 351,6550 154,2833 30,5765 28,2725 690,6476 695,3227 690,6461 683,7501
3 351,6550 95,1502 30,5765 24,1734 627,4154 632,0465 627,4140 620,5829
TULUÁ Cfmj 11168,5 1 PC 361,8451 210,9497 26,4541 64,5240 789,6332 794,6951 789,6316 782,1651
1 POR 361,8451 266,0141 26,4541 64,5240 844,6976 849,7595 844,6960 837,2295
2 361,8451 154,2833 26,4541 27,0955 695,5383 700,2085 695,5369 688,6482 101,8041 770,8883 75,3500
3 361,8451 95,1502 26,4541 20,7236 630,0333 634,6366 630,0318 623,2417 96,9341 700,5133 70,4800
TOLIMA Cfmj 10507,8 1 PC 346,4659 202,7589 30,5826 87,4500 793,1177 798,4130 793,1161 785,3053 131,9826 894,5177 101,4000
1 POR 346,4659 299,8483 30,5826 87,4500 890,2071 895,5024 890,2055 882,3947 131,9826 991,6071 101,4000
2 346,4659 187,5697 30,5826 39,0314 729,5099 734,2793 729,5084 722,4733
3 346,4659 126,9278 30,5826 29,0173 658,8539 663,5144 658,8525 651,9781
ANTIOQUIA Cfmj 8962,6 1 PC 360,0584 240,7891 29,7109 72,4614 828,8801 834,0080 828,8785 821,3145 75,8809 875,0501 46,1700
1 POR 360,0584 310,9990 29,7109 72,4614 899,0900 904,2179 899,0884 891,5244 75,8809 945,2600 46,1700
1 COM 360,0584 275,8941 29,7109 72,4614 863,9851 869,1130 863,9835 856,4195 75,8809 910,1551 46,1700
2 360,0584 198,8052 29,7109 21,6857 736,1205 740,7147 736,1191 729,3425 49,6609 756,0705 19,9500
3 360,0584 88,6491 29,7109 19,1707 623,4494 628,0170 623,4480 616,7105 50,4509 644,1894 20,7400
QUINDIO Cfmj 11978,3 1 PC 358,3016 260,9024 28,6721 66,7019 840,4383 845,5096 840,4367 832,9564 110,3135 922,0797 81,6414
1 POR 358,3016 310,9990 28,6721 66,7019 890,5349 895,6062 890,5333 883,0530 110,3135 972,1763 81,6414
2 358,3016 198,8052 28,6721 27,9873 739,6265 744,2891 739,6251 732,7476 83,3280 794,2824 54,6559
3 358,3016 88,6491 28,6721 21,1953 622,6784 627,2691 622,6769 615,9054 64,6484 658,6547 35,9763
HUILA Cfmj 15615,7 1 PC 347,8553 249,9744 33,6539 71,7947 829,1386 834,2712 829,1370 821,5662 53,9971 849,4818 20,3432
1 POR 347,8553 299,8483 33,6539 71,7947 879,0125 884,1451 879,0109 871,4401 53,9971 899,3557 20,3432
2 347,8553 187,5697 33,6539 27,9149 722,8541 727,5114 722,8526 715,9829 68,4972 757,6974 34,8433
3 347,8553 126,9278 33,6539 21,3471 655,6444 660,2304 655,6429 648,8783 64,8476 686,8381 31,1937
CAUCA Cfmj 12945,3 1 PC 341,2117 179,1360 30,7711 75,3095 752,2886 757,4491 752,2870 744,6751
1 POR 341,2117 266,0141 30,7711 75,3095 839,1667 844,3272 839,1651 831,5532 642,5282
2 341,2117 154,2833 30,7711 29,4921 681,6185 686,2743 681,6170 674,7494
3 341,2117 95,1502 30,7711 24,8272 617,8205 622,4250 617,8191 611,0274
SANTANDER Cfmj 9922,2 1 PC 355,7025 220,0578 32,4673 76,4475 810,5354 815,7291 810,5337 802,8727 71,6073 849,6754 39,1400
1 POR 355,7025 310,9990 32,4673 76,4475 901,4766 906,6703 901,4749 893,8139 71,6073 940,6166 39,1400
2 355,7025 198,8052 32,4673 27,7427 740,5780 745,2544 740,5765 733,6785 55,4973 763,6080 23,0300
3 355,7025 88,6491 32,4673 21,0017 623,6809 628,2857 623,6795 616,8873 53,6273 644,8409 21,1600
CARTAGO Cfmj 9478,7 1 PC 364,9673 226,0768 29,0968 81,0395 827,0407 832,2661 827,0390 819,3313
1 POR 364,9673 266,0141 29,0968 81,0395 866,9780 872,2034 866,9763 859,2686
2 364,9673 154,2833 29,0968 28,0697 702,2774 706,9528 702,2759 695,3796
3 364,9673 95,1502 29,0968 23,3206 638,3952 643,0212 638,3938 631,5703
PEREIRA Cfmj 13803,9 1 PC 364,3864 264,5371 31,7609 64,9068 851,4515 856,4728 851,4499 844,0432
1 POR 364,3864 310,9990 31,7609 64,9068 897,9134 902,9347 897,9118 890,5051
2 364,3864 198,8052 31,7609 26,5468 747,3596 751,9817 747,3582 740,5404
3 364,3864 88,6491 31,7609 23,1309 633,7876 638,3741 633,7861 627,0208
META Cfmj 12302,8 1 PC 351,5149 223,8114 27,9075 63,8970 792,9911 798,0533 792,9895 785,5225 86,8857 851,9693 58,9782
1 POR 351,5149 255,5851 27,9075 63,8970 824,7648 829,8270 824,7632 817,2962 86,8857 883,7430 58,9782
2 351,5149 178,7218 27,9075 28,7184 712,7229 717,4075 712,7214 705,8115 67,2578 752,0732 39,3503

META Cfmj 12302,8
3 351,5149 78,9687 27,9075 22,3423 606,5937 611,2098 606,5923 599,7834 54,4710 633,1572 26,5635
BOYACA Cfmj 15201,6 1 PC 336,2550 211,3103 30,2091 73,0244 776,6591 781,8834 776,6574 768,9513 58,3504 804,8004 28,1413
1 POR 336,2550 299,8483 30,2091 73,0244 865,1971 870,4214 865,1954 857,4893 58,3504 893,3384 28,1413
2 336,2550 187,5697 30,2091 20,6304 700,5245 705,1645 700,5230 693,6787 57,9385 728,2539 27,7294
3 336,2550 126,9278 30,2091 17,5296 636,7818 641,3872 636,7804 629,9872 55,9473 662,5200 25,7382
NARIÑO Cfmj 12623,2 1 PC 324,0947 207,8838 33,0001 62,8989 753,7378 758,8475 753,7362 746,1993 76,2653 797,0030 43,2652
1 POR 324,0947 266,0141 33,0001 62,8989 811,8681 816,9778 811,8665 804,3296 76,2653 855,1333 43,2652
1 COM 324,0947 236,9490 33,0001 62,8989 782,8030 787,9127 782,8014 775,2645 76,2653 826,0682 43,2652
2 324,0947 154,2833 33,0001 21,2669 658,5053 663,1355 658,5038 651,6740 78,2458 703,7510 45,2457
3 324,0947 95,1502 33,0001 14,8694 592,9747 597,5312 592,9732 586,2523 58,9323 618,9069 25,9322
CAQUETÁ Cfmj 18974,5 1 PC 336,9473 198,2780 25,7674 77,0538 763,9068 769,1743 763,9052 756,1354 54,8474 792,9868 29,0800
1 POR 336,9473 255,5851 25,7674 77,0538 821,2139 826,4814 821,2123 813,4425 54,8474 850,2939 29,0800
2 336,9473 178,7218 25,7674 24,7596 692,0564 696,7418 692,0549 685,1436 55,1774 721,4664 29,4100
3 336,9473 78,9687 25,7674 19,0607 586,6044 591,2263 586,6029 579,7854 54,4574 615,2944 28,6900
CASANARE Cfmj 11292,2 1 PC 336,2545 172,5617 26,3311 80,7576 741,7652 746,8987 741,7636 734,1916 47,0484 762,4825 20,7173
1 POR 336,2545 255,5851 26,3311 80,7576 824,7886 829,9221 824,7870 817,2150 47,0484 845,5059 20,7173
2 336,2545 178,7218 26,3311 33,9121 701,0798 705,6906 701,0783 694,2771
3 336,2545 78,9687 26,3311 29,3333 596,7479 601,3076 596,7465 590,0207
NORTE DE SANTANDER Cfmj 11474,3 1 PC 350,8270 255,0713 27,8137 74,4349 834,0072 839,1908 834,0056 826,3596 78,4769 884,6704 50,6632
1 POR 350,8270 310,9990 27,8137 74,4349 889,9349 895,1185 889,9333 882,2873 78,4769 940,5981 50,6632
2 350,8270 198,8052 27,8137 23,8945 727,2007 731,8410 727,1993 720,3547 59,6560 759,0430 31,8423
3 350,8270 88,6491 27,8137 24,5621 617,7122 622,3596 617,7107 610,8556 66,1313 656,0298 38,3176
RUITOQUE Cfmj 60546,2 1 PC 366,8006 248,2617 27,3597 59,9506 828,2329 833,2762 828,2314 820,7924
1 POR 366,8006 310,9990 27,3597 59,9506 890,9702 896,0135 890,9687 883,5297
2 366,8006 198,8052 27,3597 13,3090 732,1348 736,6954 732,1334 725,4063
3 366,8006 88,6491 27,3597 5,0865 613,7562 618,2316 613,7548 607,1534
ARAUCA Cfmj 25849,8 1 PC 344,2144 247,9548 26,3896 52,1392 796,5583 801,5502 796,5567 789,1935
1 POR 344,2144 299,8483 26,3896 52,1392 848,4518 853,4437 848,4502 841,0870
1 COM 344,2144 273,9016 26,3896 52,1392 822,5051 827,4970 822,5035 815,1403
2 344,2144 187,5697 26,3896 18,1779 702,2119 706,8323 702,2104 695,3950
3 344,2144 126,9278 26,3896 10,5657 633,9578 638,4950 633,9564 627,2640
Franjas Horarias con COT
Mercado NT Franja Franja Horaria Franja Horaria 3 Mercado NT Franja Horaria Franja Horaria Franja Horaria 3 Mercado NT Franja Franja Horaria 2 Franja
Horaria 1 2 1 2 Horaria 1 Horaria 3
1 PC 880,1780 875,0485 867,4845 SANTANDER 1 PC 854,8691 849,6737 842,0127 CALDAS 1 PC 872,4364 867,3778 859,9186
1 POR 950,3879 945,2584 937,6944 1 POR 945,8103 940,6149 932,9539 1 POR 949,9475 944,8889 937,4297
ANTIOQUIA 1 COM 915,2830 910,1535 902,5895 2 768,2844 763,6065 756,7085 1 COM 911,1919 906,1333 898,6741
2 760,6647 756,0691 749,2925 3 649,4457 644,8395 638,0473 2 730,2788 725,6111 718,7281
3 648,7570 644,1880 637,4505 BOGOTÁ y CUNDINAMARCA 2 772,5320 767,9092 761,0926 META 1 PC 857,0315 851,9677 844,5007
1 PC 802,1127 797,0014 789,4645 3 705,7860 701,1710 694,3657 1 POR 888,8052 883,7414 876,2744
1 POR 860,2430 855,1317 847,5948 ATLÁNTICO, GUAJIRA Y 1 PC 726,0050 720,6840 712,8377 2 756,7578 752,0717 745,1618
NARIÑO 1 COM 831,1779 826,0666 818,5297 MAGDALENA 1 POR 748,6594 743,3384 735,4921 3 637,7733 633,1558 626,3469
2 708,3812 703,7495 696,9197 CESAR, SUCRE, CORDOBA Y BOLIVAR 1 PC 902,2727 896,3822 887,6962 NORTE DE SANTANDER 1 PC 889,8540 884,6688 877,0228
3 623,4634 618,9054 612,1845 1 POR 937,8189 931,9284 923,2424 1 POR 945,7817 940,5965 932,9505
QUINDIO 1 PC 927,1510 922,0781 914,5978 2 742,0982 737,2805 730,1764 2 763,6833 759,0416 752,1970
1 POR 977,2476 972,1747 964,6944 TOLIMA 1 PC 899,8130 894,5161 886,7053 3 660,6772 656,0283 649,1732
2 798,9450 794,2810 787,4035 1 POR 996,9024 991,6055 983,7947 CAQUETÁ 1 PC 798,2543 792,9852 785,2154
3 663,2454 658,6532 651,8817 CASANARE 1 PC 767,6160 762,4809 754,9089 1 POR 855,5614 850,2923 842,5225
HUILA 1 PC 854,6144 849,4802 841,9094 1 POR 850,6394 845,5043 837,9323 2 726,1518 721,4649 714,5536
1 POR 904,4883 899,3541 891,7833 1 PC 830,5128 825,4218 817,9148 3 619,9163 615,2929 608,4754
2 762,3547 757,6959 750,8262 VALLE DEL CAUCA 1 POR 902,0131 896,9221 889,4151 COT n,j,m = Costos asociados a la recuperación de saldos de opción tarifaria resolución CREG 101 028 del 2023 los
3 691,4241 686,8366 680,0720 2 695,3227 690,6461 683,7501 cuales serán aplicados a los usuarios que les aplique conforme a lo establecido en la resolución mencionada.
TULUÁ 1 PC 794,6951 789,6316 782,1651 BOYACA 1 PC 810,0247 804,7987 797,0926
1 POR 849,7595 844,6960 837,2295 1 POR 898,5627 893,3367 885,6306
2 775,5585 770,8869 763,9982 2 732,8939 728,2524 721,4081
3 705,1166 700,5118 693,7217 3 667,1254 662,5186 655,7254
Tarifas de energía eléctrica en cumplimiento con las Resoluciones CREG 119/2007, 097/2008, 011/2019, 156/2009, 180/2014, 191/2014, 015/2018,012/2020, 101 027/2022, 101 031/2022, 101 028/2023
1 PC: Nivel de Tensión 1 Propiedad Cliente CS 173 Kwh mes para municipios de una altura inferior a 1000 metros sobre el nivel del mar.
1 POR: Nivel de Tensión 1 Propiedad Operador de Red CS 130 Kwh mes para municipios de una altura igual o superior a 1000 metros sobre el nivel del mar.
1 COM Nivel de Tensión 1 Propiedad Compartida Operador de Red - Usuario Las Tarifas Residenciales de estratos 2 y 3 son aplicadas hasta el consumo de subsistencia (CS), para consumos mayores se aplica el Costo Unitario (CU)
Franja Horaria 1: Tarifa monomia para las horas comprendidas entre las 9:00 y las 12:00 y entre las 18:00 y las 21:00.
Franja Horaria 2: Tarifa monomia para las horas comprendidas entre las 4:00 y las 9:00, las 12:00 y las 18:00, y las 21:00 y las 23:00.
Franja Horaria 3: Tarifa monomia para las horas comprendidas entre las 00:00 y las 4:00, y las 23:00 y las 24:00.
Las tarifas no contienen Contribución Las Tarifas industriales y comerciales, Residenciales de estratos 5 y 6, se les incrementa el 20% de contribucion al Costo Unitario (CU)

