ENERTOTAL S.A. E.S.P.
CORRECCIÓN TARIFAS SIN CONTRIBUCION PARA CLIENTES REGULADOS
Nivel de Tipo Tarifas Monomias Horarias COMPONENTES DEL CU Monomias Sencillas - CREG Componentes COT
Tensión Tarifa Tarifas por franjas Tm 56,76 Rm 40,58 119/2007 CREG 101 028 2023
MERCADO CALI Cfmj 9.350 F2 F3 F4 F5 F6 F7 F8 Gm Cm PR Dm CU A B C D Cm (Cot) CU (Cot)
F1
Nivel 3 669, 681,41 686, 691, 686,65 420,39 42,47 27,0 94,37 681,60 42,47 681,60
A 38 12 36 4 681,60
Nivel 2 A A 730, 742,24 746, 752, 747,50 420,39 42,47 29,06 153,18 742,44 742,44 42,47 742,44
Nivel 1.1 B C 17 886,25 97 23 891,90 420,39 42,47 65,23 261,04 886,46 886,46 753,49 658,36 42,47 886,46
D 873, 753,31 891, 896, 758,11 420,39 42,47 526,69 42,47 857,96
N 1.2-1.3 A B 31 658,20 32 96 662,39 420,39 42,47 65,23 232,54 857,96 857,96 729,27 634,71 42,47 872,21
N 1.2* - 50% A B 742, 526,56 757, 762, 529,92 507,77
32 857,75 62 42 863,39 65,23 246,79 872,21 872,21 741,38 646,53
648, 729,09 661, 666, 733,88 517,23
59 872,00 97 16 877,64
518, 741,20 529, 532, 746,00
87 57 93
844, 862, 868,
81 82 46
718, 733, 738,
09 39 19
859, 877, 882,
06 07 71
730, 745, 750,
20 51 31
T Horas: 1- 5-9,13- 10- 19-21 22
o 4,24 12
MERCADO VALLE Cfmdj 16.693 F2 F3 F4 F5 F6 F7 F8 Gm Cm PR Dm CU A B C D Cm (Cot) CU (Cot)
F1 o
sNivel 4 601, 613,14 617, 622, 618,26 425,20 40,00 14,8 35,95 613,29 40,00 613,29
A 39 683,88 74 86 689,12 425,20 40,00 1 613,29 40,00 684,03
Nivel 3 671, 688, 693, 27,1 94,37 684,03
A 84 59 84 3 684,03
Nivel 2 A A 735, 747,56 752, 757, 752,86 425,20 40,00 32,00 153,18 747,72 747,72 40,00 747,72
Nivel 1.1 B C 41 901,22 32 62 907,00 425,20 40,00 77,83 261,04 901,39 901,39 766,18 661,88 103,53 964,92
N 1.2 - 1.3 A B 887, 766,04 906, 912, 770,95 425,20 40,00 529,50 103,53 893,56
N 1.2* - 50% A 99 661,75 40 18 665,99 425,20 40,00 77,83 189,68 830,03 830,03 705,53 622,49 103,53 929,24
B 754, 829,86 770, 775, 835,64 497,99
79 705,38 44 35 710,29 77,83 225,36 865,71 865,71 735,86 642,18
652, 865,54 665, 669, 871,32 513,74
03 735,71 56 80 740,62
816, 835, 840,
63 05 82
694, 709, 714,
14 79 70
852, 870, 876,
31 73 50
724, 740, 745,
46 12 03
T Horas: 1- 5-9,13- 10- 19-21 22
o 4,24 12
MERCADO NARIÑO Cfmdj 12.583 F2 F3 F4 F5 F6 F7 F8 Gm Cm PR Dm CU A B C D Cm (Cot) CU (Cot)
F1 o
sNivel 2 761, 773,25 773, 773, 777,96 783, 783, 778,50 420,62 76,40 26,00 153,18 773,55 773,55 118,30 815,45
A 22 933,59 25 25 938,79 21 21 939,39 420,62 76,40 78,52 261,04 933,92 933,92 793,83 676,51 118,80 976,32
Nivel 1.1 920, 874,53 933, 933, 879,74 944, 944, 880,33 420,62 76,40 541,21 118,80 917,26
A 30 59 59 59 59 78,52 201,98 874,86 874,86 743,63 648,03
Nivel 1.2 861, 874, 874, 885, 885, 518,42
A 25 53 53 53 53
N 1.2*-1.3* - A 890, 904,06 904, 904, 909,26 915, 915, 909,86 420,62 76,40 78,52 231,51 904,39 904,39 768,73 662,27 118,80 946,79
78 06 06 06 06 529,82
50% B 757,16 768,45 768, 768, 772,87 777, 777, 773,38
45 45 80 80
2 Horas: 5,23 6-8,13-18 10-12 19-20 21 22
1-4,24 9
1.1, 1.2, 1.3 1-4,24 5,15-16,23 6-8,13- 9 10-12 19-20 21 22
MCDO ANTIOQUIA UNIF Cfmj 8.934 F2 F3 F4 F5 F6 F7 F8 Gm Cm PR Dm CU A B C D Cm (Cot) CU (Cot)
F1
Nivel 3 640, 652,26 652, 656, 662,09 662, 657, 406,91 36,32 20,8 90,89 652,25 55,79 671,72
A 39 26 92 09 44 0 652,25
Nivel 2 A 758, 770,37 770, 775, 780,26 780, 775, 406,91 36,32 23,52 206,27 770,36 770,36 57,36 791,40
Nivel 1.1 A B 44 947,83 37 05 958,87 26 58 406,91 36,32 80,31 326,95 947,82 947,82 805,65 659,65 81,54 993,04
N 1.2 - 1.3 A B 934, 805,66 947, 953, 815,04 958, 953, 406,91 36,32 527,72 81,54 921,98
N 1.2* - 50% A 50 876,77 83 06 887,81 87 65 406,91 36,32 80,31 255,88 876,76 876,76 745,24 626,98 81,54 957,51
B 794, 745,25 805, 810, 754,64 815, 810, 501,58
33 912,30 66 10 923,34 04 61 80,31 291,41 912,29 912,29 775,45 643,31
863, 775,46 876, 881, 784,84 887, 882, 514,65
44 77 99 81 59
733, 745, 749, 754, 750,
92 25 69 64 20
898, 912, 917, 923, 918,
97 30 52 34 12
764, 775, 779, 784, 780,
12 46 89 84 40
3 Horas: 1-4,24 5-8,13- 10- 19-20 21 22
17,23 9,18 12
2, 1.1, 1.2, 1.3 1-4,24 5,23 6-9,13-18 19-20 21 22
10-12
MERCADO BOGOTA Cfmj 10.137 F2 F3 F4 F5 F6 F7 F8 Gm Cm PR Dm CU A B C D Cm (Cot) CU (Cot)
F1
Nivel 3 655, 667,20 671, 677, 672,43 386,39 32,34 23,79 127,35 667,20 667,20 65,13 699,99
A 21 728,96 90 12 734,20 386,39 32,34 24,55 188,35 728,96 728,96 619,62 514,47 70,23 766,85
Nivel 2 716, 889,40 733, 738, 895,20 386,39 32,34 411,57 32,34 889,40
A 96 610,17 67 91 614,15 386,39 32,34 74,33 299,01 889,40 889,40 755,99 610,17 32,34 836,13
Nivel 1.1 876, 836,13 894, 900, 841,93 488,14
A C 11 468,58 61 40 471,83 74,33 245,74 836,13 836,13 710,71 585,73
N 1.2 - 601, 613, 617, 468,58
1.3 A 06 74 72
D 822, 841, 847,
84 33 13
461, 471, 474,
13 50 75
N 1.2* - 50% A 849, 862,77 867, 873, 868,57 386,39 32,34 74,33 272,37 862,77 862,77 733,35 597,95 32,34 862,77
48 97 77 478,36
T Horas: 1- 5-9,13- 10- 19-21 22
o 4,24 12
MERCADO CAUCA Cfmdj 12.904 F2 F3 F4 F5 F6 F7 F8 Gm Cm PR Dm CU A B C D Cm (Cot) CU (Cot)
F1 o
sNivel 3 705, 717,24 717, 721, 727,14 727, 722, 430,45 66,60 28,6 94,37 717,44 66,60 717,44
A 27 24 93 14 45 8 717,44
Nivel 2 A 769, 781,79 781, 786, 791,81 791, 787, 430,45 66,60 34,43 153,18 782,00 782,00 66,60 782,00
Nivel 1.1 A 69 946,06 79 53 957,17 81 07 430,45 66,60 90,86 261,04 946,28 946,28 804,34 701,88 66,60 946,28
N 1.2-1.3 A 932, 855,58 946, 951, 866,69 951, 22 430,45 66,60 561,51 66,60 855,81
3 64 5-8,23 06 31 19-20 91 90,86 170,56 855,81 855,81 727,44 655,69
842, 855, 860, 861, 524,55
16 58 84 44
1- 9,13- 10- 21
4,24 18 12
2 Horas: 1-4,24 5-7,13,18,23 8-9,14-17 10-12 19,21 20
22
1.1, 1.2, 1.3 1-4,24 5,14-15 -9,13,16-18,2 10- 19-21 22
12
MERCADO BOYACA Cfmj 15.153 F2 F3 F4 F5 F6 F7 F8 Gm Cm PR Dm CU A B C D Cm (Cot) CU (Cot)
F1
Nivel 3 A 635, 647,34 652, 657, 652,56 371,50 32,44 19,02 127,35 647,65 647,65 56,30 671,51
Nivel 2 A 37 711,74 03 24 717,00 371,50 32,44 22,42 188,35 712,05 712,05 59,02 738,63
Nivel 1.1 A B 699, 879,78 716, 721, 885,71 371,50 32,44 79,84 299,01 880,13 880,13 58,51 906,20
N 1.2-1.3 A B 68 747,81 47 72 752,86 371,50 32,44 748,11 58,51 816,86
866, 790,43 885, 891, 796,36 79,84 209,66 790,78 790,78
19 671,87 10 03 676,91 672,17
736, 752, 757,
27 34 38
776, 795, 801,
85 75 68
660, 676, 681,
32 39 43
T Horas: 1- 5-9,13- 10- 19-21 22
o 4,24 12
d
o
s

MERCADO CARIBE MAR Cfmj 15.664 F2 F3 F4 F5 F6 F7 F8 Gm Cm PR Dm CU A B C D Cm (Cot) CU (Cot)
F1
Nivel 2 697, 710,07 714, 720, 715,53 396,67 37,40 46,92 131,71 710,04 710,04 96,50 769,13
A 54 97 44 603,54
Nivel 1.1 A B 879, 895,12 901, 907, 901,82 396,67 37,40 158,87 204,81 895,09 895,09 760,82 655,19 524,15 123,25 980,94
A 78 760,85 11 82 766,55 396,67 37,40 158,87 168,92 859,20 859,20 730,32 635,36 508,29 123,25 945,05
N 1.2-1.3 B C 747, 859,23 765, 771, 865,93
81 730,35 95 65 736,04
843, 635,38 865, 871, 640,33
89 23 93
717, 735, 741,
31 44 14
624, 639, 644,
04 81 77
T Horas: 1- 5-9,13- 10- 19-21 22
o 4,24 12
MERCADO CARIBE SOL Cdfmj 15.664 F2 F3 F4 F5 F6 F7 F8 Gm Cm PR Dm CU A B C D Cm (Cot) CU (Cot)
F1 o
sNivel 2 645, 658,17 662, 668, 663,50 396,67 30,67 47,29 86,29 658,24 30,67 658,24
A 95 95 28 658,24
Nivel 1.1 A B 751, 765,53 770, 776, 771,57 396,67 30,67 111,96 128,99 765,61 765,61 44,92 779,87
A 68 650,70 95 99 655,84 396,67 30,67 111,96 105,85 742,48 742,48 44,92 756,74
N 1.2-1.3 B C 638, 742,40 655, 660, 748,44
93 631,04 30 44 636,17
728, 548,98 747, 753, 553,45
55 81 86
619, 635, 640,
27 64 78
538, 552, 557,
74 99 46
T Horas: 1- 5-9,13- 10- 19-21 22
o 4,24 12
MERCADO CALDAS Cfmdj 11.831 F2 F3 F4 F5 F6 F7 F8 Gm Cm PR Dm CU A B C D Cm (Cot) CU (Cot)
F1 o
s2 A 733, 745,57 745, 750, 755,61 750, 378,80 31,92 31,37 206,27 745,70 74,80 788,58
1,1 A 45 905,26 57 32 916,15 86 378,80 31,92 745,70 105,83 979,31
1,2 A 892, 827,63 905, 910, 838,51 911, 378,80 31,92 70,40 326,95 905,40 105,83 901,67
N 1.2*-50% A 11 866,44 26 41 877,33 00 378,80 31,92 905,40 105,83 940,49
B 814, 736,48 827, 832, 745,73 833, 70,40 249,31 827,77
48 63 77 36 827,77
853, 866, 871, 872, 70,40 288,13 866,59
30 44 59 18 866,59
725, 736, 740, 741,
30 48 85 35
T Horas: 1- 5 6-9,13-18,- 10-12 19-21 22
o 4,24
MERCADO CARTAGO Cfdmj 9.448 F2 F3 F4 F5 F6 F7 F8 Gm Cm PR Dm CU A B C D Cm (Cot) CU (Cot)
F1 o
Nivsel 2 A 736, 748,28 753, 758, 753,58 431,98 33,71 32,07 153,18 748,27 33,71 748,27
Nivel 1.1 A 13 917,87 04 34 923,80 431,98 33,71 748,27 33,71 917,86
N 1.2-1.3 A 904, 877,95 923, 929, 883,89 431,98 33,71 93,80 261,04 917,86 33,71 877,94
28 19 12 917,86
864, 883, 889, 93,80 221,12 877,94
36 27 21 877,94
Todos Horas: 1-4,24 5-9, 13-18, 10-12 19-21
22
MERCADO TOLIMA Cfmj 10.474 F2 F3 F4 F5 F6 F7 F8 Gm Cm PR Dm CU A B C D Cm (Cot) CU (Cot)
F1
Nivel 2 784, 796,93 801, 807, 802,34 431,83 33,49 45,99 188,35 797,00 33,49 797,00
A 53 78 19 797,00
Nivel 1.1 A 952, 952,73 966, 971, 977,90 972, 431,83 33,49 104,91 299,01 966,58 966,58 138,86 1.071,95
N 1.2-1.3 A 73 855,74 50 89 880,91 51 431,83 33,49 104,91 202,03 869,59 869,59 138,86 974,96
855, 869, 874, 875,
74 51 90 52
2 Horas: 1-4,24 5-9,13- 19-21 22
18,23 10-12
1.1, 1.2, 1.3 1-24 2-4 5-9,13-18,23 10-12 19-21 22
MERCADO PEREIRA Cfmj 13.760 F2 F3 F4 F5 F6 Gm Cm PR Dm CU A B C D Cm (Cot) CU (Cot)
F1
Nivel 2 A 772, 784,87 789, 794, 790,11 417,27 34,96 29,03 206,27 784,87 34,96 784,87
Todas Nivel 1.1 A N 1.2-1.3 A 86 948,95 58 81 954,65 417,27 34,96 784,87 34,96 948,95
935, 902,12 954, 959, 907,82 417,27 34,96 72,44 326,95 948,95 34,96 902,12
90 07 76 948,95
889, 907, 912, 72,44 280,11 902,12
07 23 93 902,12
Todos Horas: 1-4,24 5-9, 13-18, 2 19- 22,00
10-12 21
MERCADO QUINDIO Cfmj 11.940 F2 F3 F4 F5 F6 F7 F8 Gm Cm PR Dm CU A B C D Cm (Cot) CU (Cot)
F1
Nivel 3 637, 649,40 654, 659, 654,60 405,85 32,17 23,0 90,89 649,31 66,00 683,14
A 47 07 27 7 649,31
Nivel 2 A 760, 772,40 777, 782, 777,68 405,85 32,17 30,68 206,27 772,31 88,70 828,84
Nivel 1.1 A 28 936,46 14 43 942,21 405,85 32,17 772,31 124,71 1.028,91
N 1.2-1.3 A 923, 886,01 941, 947, 891,77 405,85 32,17 74,07 326,95 936,37 124,71 978,46
28 62 38 936,37
872, 891, 896, 74,07 276,50 885,92
83 18 93 885,92
T Horas: 1-4,24 5-9, 13-18, 10- 19-21 22
o 12
MERCADO CETSA Cfmdj 11.133 F2 F3 F4 F5 F6 F7 F8 Gm Cm PR Dm CU A B C D Cm (Cot) CU (Cot)
F1 o
sNivel 3 660, 672,06 676, 681, 677,28 412,50 45,08 22,8 94,37 672,11 116,52 743,55
A 10 75 96 2 672,11
Nivel 2 A 725, 738,05 742, 748, 743,35 412,50 45,08 30,00 153,18 738,10 129,78 822,80
Nivel 1.1 A 92 888,09 81 10 893,83 412,50 45,08 738,10 45,08 888,14
N 1.2-1.3 A 874, 832,81 893, 898, 838,55 412,50 45,08 72,19 261,04 888,14 45,08 832,86
93 24 99 888,14
819, 837, 843, 72,19 205,76 832,86
65 96 71 832,86
T Horas: 1-4,24 5-9, 13-18, 10- 19-21 22
o 12
MERCADO SANTANDER Cdfmj 9.891 F2 F3 F4 F5 F6 F7 F8 Gm Cm PR Dm CU A B C D Cm (Cot) CU (Cot)
F1 o
Nivsel 3 A 686, 698,87 703, 708, 704,08 308,29 83,91 18,9 90,89 599,38 108,36 623,83
90 55 77 6 599,38
Nivel 2 809, 821,77 826, 831, 827,07 308,29 83,91 24,96 206,27 720,76 107,15 744,00
A 61 53 83 720,76
Nivel 1.1 A 983, 996,74 1.002,03 1.007,93 1.002,64 308,29 83,91 68,28 326,95 884,75 123,78 924,62
24 884,75
N 1.2-1.3 A 891, 905,20 910, 916, 911,10 308,29 83,91 68,28 235,40 793,21 123,78 833,08
69 49 38 793,21
T Horas: 1-4,24 5-9, 13-18, 10- 19-21 22
o 12
MERCADO HUILA Cfmdj 15.566 F2 F3 F4 F5 F6 F7 F8 Gm Cm PR Dm CU A B C D Cm (Cot) CU (Cot)
F1 o
Nivsel 3 A 656, 668,52 673, 678, 673,71 386,23 34,84 22,81 127,35 668,56 73,73 707,45
Nivel 2 A 60 736,75 19 38 742,03 386,23 34,84 668,56 68,55 770,50
Nivel 1.1 A 724, 895,71 741, 746, 901,54 386,23 34,84 30,04 188,35 736,79 55,82 916,74
N 1.2-1.3 A 65 845,75 49 77 851,57 386,23 34,84 736,79 55,82 866,78
882, 900, 906, 78,35 299,01 895,76
37 94 76 895,76
832, 850, 856, 78,35 249,04 845,80
40 97 80 845,80
T Horas: 1-4,24 5-9, 13-18, 10- 19-21 22
o 12
MERCADO META Cfmdj 12.263 F2 F3 F4 F5 F6 F7 F8 Gm Cm PR Dm CU A B C D Cm (Cot) CU (Cot)
F1 o
sNivel 3 612, 624,47 629, 634, 629,70 393,10 30,28 24,2 79,73 624,70 58,56 652,98
A 47 17 40 5 624,70
Nivel 2 A 720, 732,90 737, 742, 738,20 393,10 30,28 31,32 181,10 733,14 70,21 773,07
Nivel 1.1 A 72 853,23 67 97 858,97 393,10 30,28 733,14 91,35 914,56
N 1.2-1.3 A 840, 821,12 858, 864, 826,87 393,10 30,28 70,30 262,47 853,49 91,35 882,46
07 38 13 853,49
807, 826, 832, 70,30 230,37 821,38
96 28 02 821,38
T Horas: 1-4,24 5-9, 13-18, 10- 19-21 22
o 12
NOTAS: 1 - Las tarifas se aplican a pdartir de consumos de MAYO - 2025. 2 - Tarifas publicadas sin contribución, clientes I, C, Res est. 5 y 6, pagan contribución de solidaridad (20% de la tarifa publicada). 3 - Tarifa Monomia Sencilla aplica sólo
a clientes asociados que pertenecen oa una frontera comercial. 4 - *Consumo de subsistencia CS=173Kwh/mes (municipios < 1000 m.s.n.m.),130Kwh/mes (municipios >= 1000 m.s.n.m.). 5 - Componentes del costo de prestación del servicio
calculados segun Res.CREG 119/200s7. DETALLE TIPOS DE TARIFAS: Tipo A. CU - Para I, C, O, E, Estratos 4, 5 y 6, Estratos 1,2 y 3 (Cons>CS*) Tipo B. Para Estrato 3 (Cons<CS*) Tipo C. Para Estrato 2 (Cons<CS*) Tipo D. Para Estrato
1 (Cons<CS*). DETALLE NIVELES DE TENSION: Nivel 1.1.- Conexión Nivel 2 activos del OR o un tercero, Nivel 1.2.- Conexión Nivel 2 activos del cliente, Nivel 1.3.- Conexión Nivel 3 activos del cliente, Nivel 1.2.* - 50% - Conexión Nivel 2
activos compartidos del cliente, Nivel 1.3.* - 50% - Conexión Nivel 3 activos compartidos del cliente.

